##FastQC	0.10.0
Basic Statistics	pass
#Measure	Value	
Filename	L314_Track-324_R1.fastq	
File type	Conventional base calls	
Encoding	Sanger / Illumina 1.9	
Total Sequences	933224	
Filtered Sequences	0	
Sequence length	51	
%GC	50	
END_MODULE
Per base sequence quality	pass
#Base	Mean	Median	Lower Quartile	Upper Quartile	10th Percentile	90th Percentile
1	30.865945367885953	31.0	31.0	34.0	28.0	34.0
2	31.01168101120417	31.0	31.0	34.0	27.0	34.0
3	31.07820951882935	33.0	31.0	34.0	27.0	34.0
4	34.744712952088676	37.0	35.0	37.0	32.0	37.0
5	34.57136335970785	37.0	35.0	37.0	30.0	37.0
6	34.43102513437288	37.0	35.0	37.0	30.0	37.0
7	34.01808997625436	37.0	35.0	37.0	28.0	37.0
8	34.26478423186716	37.0	35.0	37.0	30.0	37.0
9	35.758636726016476	39.0	35.0	39.0	30.0	39.0
10	34.84355524504299	38.0	35.0	39.0	27.0	39.0
11	35.380287047911324	39.0	35.0	39.0	29.0	39.0
12	35.091055309336234	38.0	35.0	39.0	27.0	39.0
13	35.445949739826666	39.0	35.0	39.0	30.0	39.0
14	36.87062698773285	40.0	37.0	41.0	30.0	41.0
15	36.728199231910025	40.0	36.0	41.0	30.0	41.0
16	36.99379248711992	40.0	37.0	41.0	31.0	41.0
17	36.7846647750165	40.0	36.0	41.0	30.0	41.0
18	35.52775003643284	39.0	35.0	40.0	27.0	41.0
19	36.39224130541006	39.0	36.0	41.0	30.0	41.0
20	36.196235844770385	40.0	36.0	41.0	27.0	41.0
21	36.46789623927374	40.0	36.0	41.0	28.0	41.0
22	36.219715738129324	40.0	36.0	41.0	27.0	41.0
23	36.60988894413346	40.0	36.0	41.0	30.0	41.0
24	36.74259448964021	40.0	37.0	41.0	30.0	41.0
25	36.24709715995302	40.0	36.0	41.0	28.0	41.0
26	36.64155872545069	40.0	36.0	41.0	30.0	41.0
27	36.52187791998491	40.0	36.0	41.0	30.0	41.0
28	35.6572944973554	39.0	35.0	41.0	27.0	41.0
29	36.012607905497504	40.0	36.0	41.0	27.0	41.0
30	34.84934699493369	38.0	34.0	40.0	25.0	41.0
31	35.571876634119995	39.0	35.0	40.0	27.0	41.0
32	36.12114776302367	39.0	35.0	41.0	29.0	41.0
33	36.49659995885232	40.0	36.0	41.0	30.0	41.0
34	36.56655958269397	40.0	37.0	41.0	30.0	41.0
35	36.36608466991848	40.0	36.0	41.0	30.0	41.0
36	35.60095754074049	40.0	35.0	41.0	25.0	41.0
37	35.57880637446101	40.0	35.0	41.0	25.0	41.0
38	35.793152555013585	40.0	35.0	41.0	26.0	41.0
39	35.029719552861906	39.0	35.0	41.0	24.0	41.0
40	35.32903247237534	39.0	35.0	41.0	25.0	41.0
41	35.67741828328462	40.0	35.0	41.0	27.0	41.0
42	36.02707281424395	40.0	36.0	41.0	29.0	41.0
43	35.8569496712472	40.0	36.0	41.0	28.0	41.0
44	36.09402672884538	40.0	36.0	41.0	30.0	41.0
45	35.29218922788098	40.0	35.0	41.0	26.0	41.0
46	33.108964192948314	38.0	33.0	40.0	12.0	41.0
47	33.78108256967245	38.0	33.0	40.0	20.0	41.0
48	33.86394370483399	38.0	33.0	40.0	18.0	41.0
49	34.054561391477286	39.0	34.0	41.0	18.0	41.0
50	34.14507127977849	39.0	34.0	41.0	7.0	41.0
51	33.49903238665101	38.0	33.0	40.0	2.0	41.0
END_MODULE
Per sequence quality scores	pass
#Quality	Count
2	14372.0
3	2115.0
4	2805.0
5	2522.0
6	1383.0
7	1175.0
8	1242.0
9	1144.0
10	1029.0
11	1145.0
12	1223.0
13	1335.0
14	1564.0
15	1843.0
16	2134.0
17	2319.0
18	2541.0
19	2908.0
20	3406.0
21	4363.0
22	5200.0
23	6237.0
24	7046.0
25	8218.0
26	9287.0
27	10796.0
28	12440.0
29	14219.0
30	16855.0
31	19928.0
32	24139.0
33	29228.0
34	36466.0
35	46686.0
36	60718.0
37	82832.0
38	139000.0
39	350458.0
40	903.0
END_MODULE
Per base sequence content	fail
#Base	G	A	T	C
1	75.07011219023721	11.562259517602373	6.496365328247404	6.871262963913017
2	8.349228052428998	75.07297283396055	9.264228095291163	7.313571018319289
3	8.366158607151124	9.709994599367354	74.72011007003677	7.203736723444747
4	8.806340239216299	9.805146515161582	9.787251369996593	71.60126187562553
5	72.82579110363378	10.688069953600017	9.409766499855335	7.076372442910876
6	72.99144218383981	10.17004185678678	8.4815180747164	8.356997884657012
7	8.15242491751562	73.91661228430563	10.024678340389645	7.906284457789107
8	8.248805899291524	73.81712496342949	9.629643918472151	8.30442521880683
9	72.41219675813306	9.614902386070645	9.667197476118933	8.305703379677357
10	8.64095398120842	73.70743604691036	9.301702558123585	8.34990741375763
11	72.37707421358037	9.682538832064381	9.7036493299828	8.236737624372445
12	8.39977709190672	9.879115226337449	9.768089849108367	71.95301783264746
13	8.208970419756314	73.54443145294822	9.847399337040732	8.399198790254735
14	8.208314623840057	9.799630704073508	9.88054144827017	72.11151322381627
15	8.142906743480275	73.40532465751076	9.903254290760078	8.54851430824889
16	8.536330500000537	9.625221984890558	9.749758589756919	72.08868892535199
17	71.99883396797055	9.503911244385524	10.081247139845608	8.416007647798311
18	8.783436916907004	9.674159193966538	72.68748198138817	8.854921907738277
19	8.247066942719117	9.541598618023139	10.32003223469602	71.89130220456173
20	8.742480701404673	9.4406917165274	73.28182754455851	8.535000037509418
21	71.87383794013603	9.948893477890456	9.977720599818465	8.199547982155048
22	8.56023747776325	73.33701266690957	9.744518507405104	8.35823134792207
23	8.229570733589078	73.26996849617453	9.817299243479566	8.68316152675682
24	8.289185860948054	9.752670551429885	10.29305061802889	71.66509296959318
25	8.173342763453997	9.433121155618423	73.36880344628047	9.02473263464712
26	8.266444304634554	9.527948699535806	10.08024539850999	72.12536159731965
27	8.239625726783123	10.062128839654443	9.790917916637198	71.90732751692524
28	8.904359864854584	72.66552152393281	9.746500545960906	8.683618065251704
29	71.83021769297949	9.715761443213905	10.262699650126715	8.191321213679885
30	8.820746376617462	9.530152436574062	72.55434404050686	9.094757146301605
31	8.24185245037314	10.14119704574973	10.041107458067392	71.57584304580973
32	8.216499010350862	72.89325827645663	9.820405740072163	9.069836973120337
33	8.30966807193668	9.812956918150702	9.74951615703303	72.12785885287958
34	8.98896753486827	9.57525812967835	9.821840958897504	71.61393337655588
35	71.5107051729256	10.201608106761315	9.82438994070602	8.463296779607072
36	8.590365964743075	72.543321009484	10.510528853882011	8.355784171890907
37	9.027263540413074	9.75683463876693	72.79422087100588	8.421680949814125
38	71.72510609113121	9.485833083286895	10.565926529212568	8.223134296369325
39	8.97171704831988	10.238679264491088	72.41220047215052	8.37740321503852
40	8.361132334676759	72.6799666090505	10.670422969887063	8.288478086385688
41	8.359301662687475	9.895969515253089	72.84641465599644	8.898314166063
42	8.417184777507023	9.590569203963147	10.810138898711742	71.18210711981808
43	8.39043114293491	9.563284804660125	72.7638626052032	9.282421447201761
44	9.124137650207993	9.45139658339102	10.159921817905158	71.26454394849583
45	71.2572572400949	9.481722149236074	10.497467868830675	8.763552741838351
46	9.008749323574953	10.573340548533832	71.90358063254449	8.51432949534673
47	8.445526008983986	72.25465487089807	10.794821348969585	8.504997771148373
48	9.231459980647463	10.021420664779992	72.44385246209056	8.303266892481979
49	71.2639798375301	9.458122905770242	10.047159348448757	9.230737908250903
50	8.974125423009578	9.542495986900903	9.809535852137927	71.6738427379516
51	9.26317052810702	9.444267633660916	9.966663130450996	71.32589870778106
END_MODULE
Per base GC content	fail
#Base	%GC
1	81.94137515415022
2	15.662799070748287
3	15.56989533059587
4	80.40760211484182
5	79.90216354654464
6	81.34844006849681
7	16.058709375304726
8	16.553231118098356
9	80.71790013781042
10	16.990861394966053
11	80.61381183795282
12	80.35279492455419
13	16.608169210011052
14	80.31982784765633
15	16.691421051729165
16	80.62501942535253
17	80.41484161576888
18	17.63835882464528
19	80.13836914728084
20	17.277480738914093
21	80.07338592229108
22	16.91846882568532
23	16.9127322603459
24	79.95427883054123
25	17.198075398101118
26	80.3918059019542
27	80.14695324370835
28	17.587977930106288
29	80.02153890665939
30	17.915503522919067
31	79.81769549618288
32	17.286335983471197
33	80.43752692481627
34	80.60290091142414
35	79.97400195253267
36	16.94615013663398
37	17.4489444902272
38	79.94824038750053
39	17.349120263358397
40	16.649610421062444
41	17.257615828750478
42	79.5992918973251
43	17.67285259013667
44	80.38868159870383
45	80.02080998193325
46	17.523078818921682
47	16.95052378013236
48	17.53472687312944
49	80.494717745781
50	80.64796816096117
51	80.58906923588809
END_MODULE
Per sequence GC content	fail
#GC Content	Count
0	0.0
1	0.0
2	0.0
3	0.5
4	1.0
5	0.5
6	0.0
7	0.5
8	1.0
9	4.0
10	7.0
11	10.5
12	14.0
13	32.0
14	50.0
15	88.5
16	127.0
17	225.5
18	324.0
19	466.5
20	609.0
21	812.5
22	1016.0
23	1361.0
24	1706.0
25	2289.0
26	3528.0
27	4184.0
28	5124.5
29	6065.0
30	7244.0
31	8423.0
32	9926.0
33	11429.0
34	12891.5
35	14354.0
36	15838.0
37	17322.0
38	18713.0
39	20104.0
40	21367.5
41	22631.0
42	23736.5
43	24842.0
44	25974.5
45	27107.0
46	27873.5
47	28640.0
48	29447.5
49	30255.0
50	36722.0
51	43189.0
52	301760.0
53	560331.0
54	305301.0
55	50271.0
56	35778.5
57	21286.0
58	17148.0
59	13010.0
60	10813.5
61	8617.0
62	7028.0
63	5439.0
64	4429.0
65	3419.0
66	2744.5
67	2070.0
68	1684.0
69	1298.0
70	1041.5
71	785.0
72	661.5
73	538.0
74	448.5
75	301.0
76	243.0
77	182.5
78	122.0
79	95.0
80	68.0
81	54.5
82	41.0
83	31.0
84	21.0
85	23.0
86	25.0
87	14.0
88	3.0
89	2.5
90	2.0
91	3.0
92	4.0
93	2.0
94	0.0
95	0.0
96	0.0
97	0.0
98	0.0
99	0.0
100	0.0
END_MODULE
Per base N content	pass
#Base	N-Count
1	0.16105458067945103
2	0.0
3	0.0
4	0.0010715540963369993
5	0.003643283927545798
6	0.004500527204615397
7	0.001821641963772899
8	0.010179763915201496
9	0.006215013758754597
10	0.004286216385347997
11	0.0041790609757142985
12	0.011144162601904794
13	0.014465980300549495
14	0.010394074734468895
15	0.006000702939487197
16	0.01768064258956049
17	0.015537534396886491
18	0.017252020951025692
19	0.007286567855091596
20	0.013394426204212493
21	0.008036655722527496
22	0.009001054409230795
23	4.2862163853479976E-4
24	0.018966507505164893
25	0.0047148380238827975
26	0.02260979143271069
27	2.1431081926739988E-4
28	7.500878674358997E-4
29	0.0031075068793772983
30	0.005250615072051297
31	0.006429324578021997
32	0.006965101626190497
33	0.0075008786743589965
34	0.007393723264725297
35	0.008250966541794896
36	0.007929500312893797
37	0.007822344903260097
38	0.006857946216556796
39	0.005036304252783897
40	0.003964750156446898
41	0.0038575947468131983
42	0.0027860406504761986
43	0.0032146622890109984
44	0.0019287973734065992
45	0.0019287973734065992
46	9.643986867032996E-4
47	8.572432770695995E-4
48	0.0013930203252380993
49	5.357770481684997E-4
50	0.0032146622890109984
51	0.002464574421575099
END_MODULE
Sequence Length Distribution	pass
#Length	Count
51	933224.0
END_MODULE
Sequence Duplication Levels	fail
#Total Duplicate Percentage	62.32744579343167
#Duplication Level	Relative count
1	100.0
2	1.2710045382067952
3	0.3158346620875751
4	0.15485097510118975
5	0.1098777546097551
6	0.06694877141338566
7	0.035774152663641194
8	0.02606402551208144
9	0.025041906864548838
10++	0.20646796680158633
END_MODULE
Overrepresented sequences	fail
#Sequence	Count	Percentage	Possible Source
GATCGGAAGAGCACACGTCTGAACTCCAGTCACCGATGTATCTCGTATGCC	520875	55.81457399295346	TruSeq Adapter, Index 2 (100% over 51bp)
GATCGGAAGAGCACACGTCTGAACTCCAGTCACCGATGTATCTCGGATGCC	2180	0.23359879300146588	TruSeq Adapter, Index 2 (98% over 51bp)
GATCGGAAGAGCACACGGCTGAACTCCAGTCACCGATGTATCTCGTATGCC	1753	0.18784343308787602	TruSeq Adapter, Index 2 (98% over 51bp)
GATCGGAAGAGCACACGTCTGAACTCCAGTCACGATCGGAAGAGCACACGT	1370	0.14680291119816893	TruSeq Adapter, Index 9 (97% over 40bp)
GATCGGAAGAGCACACGCCTGAACTCCAGTCACCGATGTATCTCGTATGCC	1356	0.14530273546329714	TruSeq Adapter, Index 2 (98% over 51bp)
GATCGGAAGAGCACACGTCTGAACTCCAGCCACCGATGTATCTCGTATGCC	1108	0.11872819387413955	TruSeq Adapter, Index 2 (98% over 51bp)
GATCGGAAGAGCACACGTCTGAACTCCAGGCACCGATGTATCTCGTATGCC	981	0.10511945685065965	TruSeq Adapter, Index 2 (98% over 51bp)
GATCGGAAGAGCACACGTCTGAACTCCAGTCACCGATGTATCTCGCATGCC	939	0.10061892964604426	TruSeq Adapter, Index 2 (98% over 51bp)
END_MODULE
Kmer Content	fail
#Sequence	Count	Obs/Exp Overall	Obs/Exp Max	Max Obs/Exp Position
TGTAT	608355	17.58763	784.78015	37
GATGT	603620	17.381794	783.0303	35
GTATG	597330	17.200668	772.6024	45
GTCTG	606085	16.801598	755.5361	17
GGAAG	626655	16.204044	722.2887	5
ATGTA	603520	15.729866	706.9419	36
TCTGA	608380	15.264914	682.7738	18
TATCT	601350	15.148373	682.7729	39
TCGGA	605210	15.1253805	697.8365	3
ATCGG	601595	15.035034	700.3872	2
GATCG	599410	14.980427	700.4615	1
GTATC	594330	14.912384	680.6097	38
TATGC	590545	14.817413	671.2779	46
CGATG	592730	14.813479	683.12067	34
TCGTA	585155	14.682174	675.5022	43
CGTAT	584690	14.670506	673.4718	44
GAAGA	623270	14.587253	650.9998	6
AAGAG	622320	14.565019	649.9314	7
TCTCG	594200	14.35285	659.81445	41
CGTCT	588760	14.221447	657.5487	16
CTCGT	586030	14.155504	651.1726	42
CTGAA	614075	13.890695	621.94147	19
AGAGC	614660	13.848995	624.086	8
GAGCA	613125	13.81441	622.6498	9
GAACT	608635	13.767639	621.7541	21
TGAAC	605390	13.694238	620.85767	20
AGTCA	604875	13.682586	615.00604	28
CGGAA	601360	13.549331	628.7195	4
TCCAG	614480	13.381242	595.9055	25
ATCTC	607885	13.2901325	596.7058	40
GTCAC	602435	13.118943	593.603	29
CCAGT	601705	13.103046	590.54517	26
CAGTC	601445	13.097383	590.6154	27
ATGCC	597470	13.010822	588.51794	47
CCGAT	591860	12.888655	595.0575	33
CACGT	591390	12.878422	594.3338	14
ACGTC	587870	12.801766	594.0885	15
GCACA	614060	12.055426	542.822	11
AACTC	608140	11.98656	540.41046	22
AGCAC	610550	11.986519	541.42883	10
ACACG	597315	11.726684	542.3361	13
ACCGA	593765	11.656989	537.94385	32
CTCCA	614325	11.656692	518.3654	24
ACTCC	605260	11.484685	519.6141	23
TCACC	601080	11.405371	514.6851	30
CACCG	595285	11.250785	517.6079	31
CACAC	636275	10.884415	472.59113	12
GGCTG	29115	0.8039233	5.5681067	17
GGATG	25960	0.7445888	6.5843782	45
GATGC	19870	0.49659008	5.502585	46
TGCCG	10850	0.26104537	7.564392	47
CTCGG	9440	0.2271215	5.291371	42
CGGAT	7570	0.18918908	5.243968	44
END_MODULE